# Minimum supported analyzer versions: the first versions supported by SonarQube 9.9,
# Can be obtained from '/api/plugins/installed' endpoint of WebAPI of the SQ instance of LTS version.
abap=3.11.0.4030
cobol=5.2.1.7644
config=1.2.0.267
cpp=6.41.2.69583
csharp=8.51.0.59060
dbd=1.10.0.3046
dbdjavafrontend=1.10.0.3046
dbdpythonfrontend=1.10.0.3046
flex=2.8.0.3166
go=1.11.0.3905
iac=1.11.0.2847
jacoco=1.3.0.1538
java=7.16.0.30901
javascript=9.13.0.20537
kotlin=2.12.0.1956
php=3.27.1.9352
pli=1.12.0.3443
plsql=3.8.0.4948
python=3.24.1.11916
rpg=3.3.0.3147
ruby=1.11.0.3905
security=9.9.2.22117
securitycsharpfrontend=9.9.2.22117
securityjsfrontend=9.9.2.22117
securityjavafrontend=9.9.2.22117
securityphpfrontend=9.9.2.22117
securitypythonfrontend=9.9.2.22117
sonarapex=1.11.0.3905
sonarscala=1.11.0.3905
swift=4.8.0.5759
text=2.0.2.1090
tsql=1.7.0.5449
vb=2.9.0.3341
vbnet=8.51.0.59060
web=3.7.1.3306
xml=2.7.0.3820
